set_close_over_delay 15
[G-BOOT] >print_para
[I: 134266465.081] para : 
        左手爪装夹开度脉冲数量: 1900 
左手爪图像抓拍时的开度脉冲数量: 5500 
            左手爪全开脉冲数量: 8000 

        右手爪装夹开度脉冲数量: 1900 
右手爪图像抓拍时的开度脉冲数量: 5500 
            右手爪全开脉冲数量: 8000 

              旋转90度脉冲数量: 1001 
      左爪90度定位偏差脉冲数量: 109 
      右爪90度定位偏差脉冲数量: 34 
              手爪开合升降速度: 120000 
                  手爪开合速度: 120000 
       手爪翻转180旋转升降速度: 120000 
        手爪翻转90旋转升降速度: 120000 
    对面手爪闭合时旋转升降速度: 120000 
对面手爪闭合时连续旋转升降速度: 120000 
           手爪翻转180旋转速度: 120000 
            手爪翻转90旋转速度: 120000 
        对面手爪闭合时旋转速度: 120000 
    对面手爪闭合时连续旋转速度: 120000 
              手爪全速旋转速度: 200000 
              手爪定位旋转速度: 5000 
        手爪旋转完成后延时(ms): 15 
        手爪打开完成后延时(ms): 15 
        手爪闭合完成后延时(ms): 15 

[G-BOOT] >
115 101 116 95 99 108 111 115 101 95 111 118 101 114 95 100 101 108 97 121 32 49 53 13 10 91 71 45 66 79 79 84 93 32 62 112 114 105 110 116 95 112 97 114 97 13 10 91 73 58 32 49 51 52 50 54 54 52 54 53 46 48 56 49 93 32 112 97 114 97 32 58 32 13 13 10 32 32 32 32 32 32 32 32 -27 -73 -90 -26 -119 -117 -25 -120 -86 -24 -93 -123 -27 -92 -71 -27 -68 -128 -27 -70 -90 -24 -124 -119 -27 -122 -78 -26 -107 -80 -23 -121 -113 58 32 49 57 48 48 32 13 13 10 -27 -73 -90 -26 -119 -117 -25 -120 -86 -27 -101 -66 -27 -125 -113 -26 -118 -109 -26 -117 -115 -26 -105 -74 -25 -102 -124 -27 -68 -128 -27 -70 -90 -24 -124 -119 -27 -122 -78 -26 -107 -80 -23 -121 -113 58 32 53 53 48 48 32 13 13 10 32 32 32 32 32 32 32 32 32 32 32 32 -27 -73 -90 -26 -119 -117 -25 -120 -86 -27 -123 -88 -27 -68 -128 -24 -124 -119 -27 -122 -78 -26 -107 -80 -23 -121 -113 58 32 56 48 48 48 32 13 13 10 13 13 10 32 32 32 32 32 32 32 32 -27 -113 -77 -26 -119 -117 -25 -120 -86 -24 -93 -123 -27 -92 -71 -27 -68 -128 -27 -70 -90 -24 -124 -119 -27 -122 -78 -26 -107 -80 -23 -121 -113 58 32 49 57 48 48 32 13 13 10 -27 -113 -77 -26 -119 -117 -25 -120 -86 -27 -101 -66 -27 -125 -113 -26 -118 -109 -26 -117 -115 -26 -105 -74 -25 -102 -124 -27 -68 -128 -27 -70 -90 -24 -124 -119 -27 -122 -78 -26 -107 -80 -23 -121 -113 58 32 53 53 48 48 32 13 13 10 32 32 32 32 32 32 32 32 32 32 32 32 -27 -113 -77 -26 -119 -117 -25 -120 -86 -27 -123 -88 -27 -68 -128 -24 -124 -119 -27 -122 -78 -26 -107 -80 -23 -121 -113 58 32 56 48 48 48 32 13 13 10 13 13 10 32 32 32 32 32 32 32 32 32 32 32 32 32 32 -26 -105 -117 -24 -67 -84 57 48 -27 -70 -90 -24 -124 -119 -27 -122 -78 -26 -107 -80 -23 -121 -113 58 32 49 48 48 49 32 13 13 10 32 32 32 32 32 32 -27 -73 -90 -25 -120 -86 57 48 -27 -70 -90 -27 -82 -102 -28 -67 -115 -27 -127 -113 -27 -73 -82 -24 -124 -119 -27 -122 -78 -26 -107 -80 -23 -121 -113 58 32 49 48 57 32 13 13 10 32 32 32 32 32 32 -27 -113 -77 -25 -120 -86 57 48 -27 -70 -90 -27 -82 -102 -28 -67 -115 -27 -127 -113 -27 -73 -82 -24 -124 -119 -27 -122 -78 -26 -107 -80 -23 -121 -113 58 32 51 52 32 13 13 10 32 32 32 32 32 32 32 32 32 32 32 32 32 32 -26 -119 -117 -25 -120 -86 -27 -68 -128 -27 -112 -120 -27 -115 -121 -23 -103 -115 -23 -128 -97 -27 -70 -90 58 32 49 50 48 48 48 48 32 13 13 10 32 32 32 32 32 32 32 32 32 32 32 32 32 32 32 32 32 32 -26 -119 -117 -25 -120 -86 -27 -68 -128 -27 -112 -120 -23 -128 -97 -27 -70 -90 58 32 49 50 48 48 48 48 32 13 13 10 32 32 32 32 32 32 32 -26 -119 -117 -25 -120 -86 -25 -65 -69 -24 -67 -84 49 56 48 -26 -105 -117 -24 -67 -84 -27 -115 -121 -23 -103 -115 -23 -128 -97 -27 -70 -90 58 32 49 50 48 48 48 48 32 13 13 10 32 32 32 32 32 32 32 32 -26 -119 -117 -25 -120 -86 -25 -65 -69 -24 -67 -84 57 48 -26 -105 -117 -24 -67 -84 -27 -115 -121 -23 -103 -115 -23 -128 -97 -27 -70 -90 58 32 49 50 48 48 48 48 32 13 13 10 32 32 32 32 -27 -81 -71 -23 -99 -94 -26 -119 -117 -25 -120 -86 -23 -105 -83 -27 -112 -120 -26 -105 -74 -26 -105 -117 -24 -67 -84 -27 -115 -121 -23 -103 -115 -23 -128 -97 -27 -70 -90 58 32 49 50 48 48 48 48 32 13 13 10 -27 -81 -71 -23 -99 -94 -26 -119 -117 -25 -120 -86 -23 -105 -83 -27 -112 -120 -26 -105 -74 -24 -65 -98 -25 -69 -83 -26 -105 